1594319460000,1594319520000,AAPL,528.000,304045.000,385.030,382.590,382.480,382.610,382.630,382.480,382.632
1594319520000,1594319580000,AAPL,652.000,304697.000,385.030,382.728,382.695,382.760,382.805,382.695,382.632
1594319580000,1594319640000,AAPL,321.000,305018.000,385.030,382.764,382.770,382.760,382.770,382.760,382.632
1594319700000,1594319760000,AAPL,787.000,305807.000,385.030,382.674,382.830,382.660,382.830,382.610,382.632
1594319760000,1594319820000,AAPL,1093.000,306900.000,385.030,382.567,382.770,382.380,382.770,382.380,382.632
1594319820000,1594319880000,AAPL,150.000,307050.000,385.030,382.188,382.180,382.180,382.180,382.180,382.632
1594319940000,1594320000000,AAPL,308.000,307377.000,385.030,382.592,382.600,382.590,382.600,382.590,382.632
1594320000000,1594320060000,AAPL,525.000,307902.000,385.030,382.441,382.460,382.395,382.460,382.395,382.632
1594320060000,1594320120000,AAPL,302.000,308204.000,385.030,382.280,382.290,382.300,382.300,382.290,382.631
1594320120000,1594320180000,AAPL,233.000,308437.000,385.030,382.363,382.350,382.360,382.360,382.350,382.631
1594320180000,1594320240000,AAPL,331.000,308768.000,385.030,382.487,382.485,382.500,382.500,382.485,382.631
1594320240000,1594320300000,AAPL,253.000,309021.000,385.030,382.376,382.340,382.390,382.390,382.340,382.631
1594320300000,1594320360000,AAPL,616.000,309637.000,385.030,382.426,382.450,382.460,382.460,382.360,382.630
1594320360000,1594320420000,AAPL,110.000,309747.000,385.030,382.319,382.320,382.320,382.320,382.320,382.630
1594320540000,1594320600000,AAPL,141.000,310251.000,385.030,382.664,382.650,382.650,382.650,382.650,382.630
1594320660000,1594320720000,AAPL,343.000,310598.000,385.030,382.469,382.480,382.430,382.490,382.430,382.630
1594320720000,1594320780000,AAPL,345.000,310943.000,385.030,382.379,382.380,382.370,382.380,382.370,382.630
1594320840000,1594320900000,AAPL,202.000,311253.000,385.030,382.435,382.380,382.490,382.490,382.380,382.630
1594320900000,1594320960000,AAPL,268.000,311521.000,385.030,382.580,382.560,382.575,382.575,382.560,382.630
1594320960000,1594321020000,AAPL,184.000,311705.000,385.030,382.746,382.730,382.730,382.730,382.730,382.630
1594321080000,1594321140000,AAPL,407.000,312136.000,385.030,382.744,382.740,382.730,382.740,382.730,382.630
1594321200000,1594321260000,AAPL,5548.000,317724.000,385.030,382.668,382.700,382.780,382.950,382.585,382.630
1594321260000,1594321320000,AAPL,861.000,318585.000,385.030,382.834,382.750,382.880,382.880,382.750,382.631
1594321320000,1594321380000,AAPL,1412.000,319997.000,385.030,382.744,382.820,382.555,382.820,382.555,382.631
1594321380000,1594321440000,AAPL,2576.000,322573.000,385.030,382.767,382.610,382.900,382.900,382.610,382.632
1594321440000,1594321500000,AAPL,307.000,322880.000,385.030,382.976,382.950,382.990,382.990,382.950,382.633
1594321500000,1594321560000,AAPL,479.000,323359.000,385.030,383.225,383.300,383.145,383.300,383.145,382.634
1594321560000,1594321620000,AAPL,1318.000,324677.000,385.030,383.072,383.080,383.030,383.090,383.030,382.635
1594321620000,1594321680000,AAPL,269.000,324946.000,385.030,382.861,382.850,382.850,382.850,382.850,382.636
1594321680000,1594321740000,AAPL,259.000,325205.000,385.030,383.034,383.010,383.060,383.060,383.010,382.636
1594321740000,1594321800000,AAPL,363.000,325568.000,385.030,382.990,383.040,382.940,383.040,382.940,382.636
1594321800000,1594321860000,AAPL,1028.000,326596.000,385.030,382.872,382.875,382.790,382.945,382.780,382.637
1594321860000,1594321920000,AAPL,24981.000,351577.000,385.030,382.780,382.985,382.790,382.990,382.790,382.647
1594321920000,1594321980000,AAPL,611.000,352188.000,385.030,382.903,382.840,382.970,382.970,382.840,382.648
1594321980000,1594322040000,AAPL,262.000,352450.000,385.030,383.458,383.450,383.450,383.450,383.450,382.648
1594322040000,1594322100000,AAPL,416.000,352866.000,385.030,383.508,383.480,383.530,383.530,383.480,382.649
1594322100000,1594322160000,AAPL,1154.000,354020.000,385.030,383.855,383.900,383.590,384.130,383.580,382.653
1594322160000,1594322220000,AAPL,421.000,354441.000,385.030,383.422,383.490,383.390,383.490,383.390,382.654
1594322220000,1594322280000,AAPL,686.000,355127.000,385.030,383.331,383.300,383.430,383.430,383.300,382.656
1594322280000,1594322340000,AAPL,728.000,355855.000,385.030,383.270,383.390,383.130,383.390,383.130,382.657
1594322400000,1594322460000,AAPL,781.000,356659.000,385.030,383.051,383.080,382.960,383.165,382.960,382.658
1594322460000,1594322520000,AAPL,1048.000,357707.000,385.030,382.487,382.470,382.490,382.490,382.400,382.657
1594322520000,1594322580000,AAPL,932.000,358639.000,385.030,382.206,382.220,382.270,382.270,382.220,382.656
1594322580000,1594322640000,AAPL,1046.000,359685.000,385.030,382.153,382.160,382.110,382.170,382.105,382.654
1594322640000,1594322700000,AAPL,716.000,360401.000,385.030,382.274,382.150,382.410,382.410,382.150,382.654
1594322700000,1594322760000,AAPL,605.000,361006.000,385.030,382.309,382.250,382.330,382.330,382.250,382.653
1594322760000,1594322820000,AAPL,728.000,361734.000,385.030,382.326,382.410,382.370,382.410,382.270,382.652
1594322820000,1594322880000,AAPL,2358.000,364092.000,385.030,382.620,382.595,382.635,382.655,382.580,382.652
1594322880000,1594322940000,AAPL,3943.000,368035.000,385.030,381.989,382.710,381.370,382.710,381.300,382.645
1594322940000,1594323000000,AAPL,4089.000,372124.000,385.030,381.346,381.340,381.150,381.790,381.035,382.631
1594323000000,1594323060000,AAPL,5934.000,378058.000,385.030,381.064,381.160,380.700,381.540,380.625,382.606
1594323060000,1594323120000,AAPL,4605.000,382663.000,385.030,380.479,380.510,380.080,380.790,380.080,382.581
1594323120000,1594323180000,AAPL,4544.000,387207.000,385.030,380.335,380.320,380.420,380.510,380.020,382.554
1594323180000,1594323240000,AAPL,2609.000,389816.000,385.030,380.892,380.730,380.690,381.090,380.690,382.543
1594323240000,1594323300000,AAPL,1880.000,391696.000,385.030,380.768,380.860,380.990,380.990,380.490,382.535
1594323300000,1594323360000,AAPL,1235.000,392931.000,385.030,380.577,380.740,380.200,380.800,380.200,382.529
1594323360000,1594323420000,AAPL,2009.000,394940.000,385.030,380.604,380.480,380.870,380.880,380.380,382.519
1594323420000,1594323480000,AAPL,1765.000,396705.000,385.030,380.951,380.945,380.950,381.140,380.830,382.512
1594323480000,1594323540000,AAPL,2049.000,398754.000,385.030,381.197,380.910,381.320,381.450,380.740,382.505
1594323660000,1594323720000,AAPL,1049.000,404874.000,385.030,381.298,381.310,381.260,381.350,381.260,382.488
1594323720000,1594323780000,AAPL,1379.000,406253.000,385.030,381.501,381.390,381.565,381.605,381.390,382.485
1594323780000,1594323840000,AAPL,1300.000,407553.000,385.030,381.786,381.565,381.840,381.870,381.550,382.482
1594323840000,1594323900000,AAPL,1211.000,408764.000,385.030,381.862,381.780,381.865,381.950,381.780,382.480
1594323900000,1594323960000,AAPL,2488.000,411252.000,385.030,382.112,381.865,382.220,382.395,381.865,382.478
1594323960000,1594324020000,AAPL,895.000,412147.000,385.030,382.215,382.080,382.300,382.300,382.080,382.478
1594324020000,1594324080000,AAPL,1337.000,413484.000,385.030,382.197,382.120,382.200,382.290,382.120,382.477
1594324080000,1594324140000,AAPL,4276.000,417760.000,385.030,382.784,382.420,383.060,383.070,382.400,382.480
1594324140000,1594324200000,AAPL,3114.000,420874.000,385.030,382.671,382.740,382.490,382.795,382.440,382.481
1594324200000,1594324260000,AAPL,3812.000,424686.000,385.030,382.378,382.400,382.710,382.710,382.195,382.480
1594324260000,1594324320000,AAPL,3034.000,427720.000,385.030,382.461,382.530,382.560,382.630,382.350,382.480
1594324320000,1594324380000,AAPL,2403.000,430123.000,385.030,382.906,382.650,383.135,383.135,382.640,382.483
1594324380000,1594324440000,AAPL,2986.000,433109.000,385.030,383.104,383.100,383.060,383.240,382.920,382.487
1594324440000,1594324500000,AAPL,1842.000,434951.000,385.030,382.828,382.710,382.950,382.950,382.690,382.488
1594324500000,1594324560000,AAPL,1259.000,436210.000,385.030,382.610,382.970,382.580,383.000,382.380,382.489
1594324560000,1594324620000,AAPL,151850.000,588060.000,385.030,382.610,382.610,382.795,382.795,382.420,382.520
1594324620000,1594324680000,AAPL,920.000,588980.000,385.030,382.797,382.580,383.020,383.020,382.570,382.520
1594324680000,1594324740000,AAPL,3658.000,592638.000,385.030,382.861,382.960,382.960,382.960,382.600,382.522
1594324740000,1594324800000,AAPL,8608.000,601246.000,385.030,383.008,382.934,382.890,383.200,382.610,382.529
