1594319460000,1594319520000,BA,1170.000,239644.000,179.630,173.979,173.950,173.940,174.000,173.940,175.370
1594319520000,1594319580000,BA,503.000,240147.000,179.630,173.873,173.910,173.850,173.910,173.850,175.367
1594319580000,1594319640000,BA,620.000,240767.000,179.630,173.875,173.830,173.970,173.970,173.830,175.363
1594319700000,1594319760000,BA,510.000,241278.000,179.630,173.800,173.780,173.865,173.865,173.750,175.359
1594319760000,1594319820000,BA,204.000,241482.000,179.630,173.995,173.990,173.990,173.990,173.990,175.358
1594319820000,1594319880000,BA,180.000,241662.000,179.630,174.026,174.030,174.030,174.030,174.030,175.357
1594319940000,1594320000000,BA,304.000,242141.000,179.630,173.938,174.015,173.850,174.015,173.850,175.355
1594320000000,1594320060000,BA,300.000,242441.000,179.630,174.033,174.000,174.070,174.070,174.000,175.353
1594320060000,1594320120000,BA,382.000,242823.000,179.630,174.123,174.170,173.995,174.180,173.995,175.351
1594320120000,1594320180000,BA,204.000,243027.000,179.630,174.094,174.130,174.060,174.130,174.060,175.350
1594320180000,1594320240000,BA,316.000,243343.000,179.630,174.040,174.030,174.050,174.050,174.030,175.348
1594320240000,1594320300000,BA,217.000,243560.000,179.630,173.825,173.830,173.820,173.830,173.820,175.347
1594320300000,1594320360000,BA,110.000,243670.000,179.630,173.832,173.835,173.835,173.835,173.835,175.346
1594320420000,1594320480000,BA,402.000,244074.000,179.630,173.926,173.925,173.925,173.925,173.925,175.344
1594320480000,1594320540000,BA,1513.000,245587.000,179.630,173.852,173.845,173.870,173.900,173.825,175.335
1594320540000,1594320600000,BA,103.000,245690.000,179.630,173.830,173.830,173.830,173.830,173.830,175.334
1594320600000,1594320660000,BA,514.000,246204.000,179.630,173.689,173.700,173.690,173.700,173.675,175.331
1594320660000,1594320720000,BA,652.000,246856.000,179.630,173.486,173.640,173.395,173.640,173.395,175.326
1594320720000,1594320780000,BA,566.000,247422.000,179.630,173.502,173.405,173.475,173.555,173.405,175.321
1594320780000,1594320840000,BA,2453.000,249875.000,179.630,173.491,173.540,173.445,173.540,173.435,175.304
1594320840000,1594320900000,BA,1203.000,251078.000,179.630,173.213,173.300,173.150,173.320,173.110,175.294
1594320900000,1594320960000,BA,302.000,251380.000,179.630,173.192,173.190,173.200,173.200,173.185,175.291
1594321020000,1594321080000,BA,309.000,251943.000,179.630,173.477,173.490,173.505,173.505,173.490,175.287
1594321080000,1594321140000,BA,393.000,252336.000,179.630,173.478,173.470,173.475,173.475,173.470,175.284
1594321140000,1594321200000,BA,326.000,252662.000,179.630,173.496,173.525,173.485,173.525,173.480,175.282
1594321200000,1594321260000,BA,499.000,253161.000,179.630,173.558,173.440,173.600,173.610,173.440,175.278
1594321260000,1594321320000,BA,714.000,253875.000,179.630,173.589,173.480,173.630,173.630,173.480,175.274
1594321320000,1594321380000,BA,515.000,254390.000,179.630,173.562,173.590,173.630,173.630,173.500,175.270
1594321380000,1594321440000,BA,356.000,254746.000,179.630,173.682,173.660,173.680,173.680,173.660,175.268
1594321440000,1594321500000,BA,332.000,255078.000,179.630,173.690,173.700,173.690,173.700,173.665,175.266
1594321500000,1594321560000,BA,546.000,255624.000,179.630,173.811,173.760,173.860,173.860,173.760,175.263
1594321560000,1594321620000,BA,709.000,256333.000,179.630,173.655,173.610,173.605,173.680,173.605,175.258
1594321740000,1594321800000,BA,226.000,256660.000,179.630,173.509,173.570,173.465,173.570,173.465,175.256
1594321860000,1594321920000,BA,460.000,257133.000,179.630,173.401,173.410,173.350,173.410,173.350,175.253
1594321920000,1594321980000,BA,305.000,257438.000,179.630,173.413,173.470,173.330,173.470,173.330,175.251
1594322100000,1594322160000,BA,754.000,258225.000,179.630,174.022,173.890,174.020,174.180,173.890,175.247
1594322160000,1594322220000,BA,259.000,258484.000,179.630,174.036,174.035,174.070,174.070,174.035,175.246
1594322220000,1594322280000,BA,132.000,258616.000,179.630,173.990,173.970,173.970,173.970,173.970,175.245
1594322280000,1594322340000,BA,585.000,259201.000,179.630,173.913,173.900,173.905,173.905,173.900,175.242
1594322340000,1594322400000,BA,290.000,259491.000,179.630,173.815,173.900,173.900,173.900,173.900,175.240
1594322400000,1594322460000,BA,159.000,259650.000,179.630,173.726,173.715,173.715,173.715,173.715,175.239
1594322520000,1594322580000,BA,667.000,260423.000,179.630,173.321,173.400,173.265,173.400,173.265,175.234
1594322580000,1594322640000,BA,510.000,260933.000,179.630,173.377,173.325,173.470,173.470,173.325,175.230
1594322640000,1594322700000,BA,200.000,261133.000,179.630,173.458,173.450,173.465,173.465,173.450,175.229
1594322700000,1594322760000,BA,134.000,261267.000,179.630,173.499,173.520,173.520,173.520,173.520,175.228
1594322760000,1594322820000,BA,203.000,261470.000,179.630,173.314,173.330,173.330,173.330,173.330,175.226
1594322820000,1594322880000,BA,421.000,261891.000,179.630,173.322,173.310,173.310,173.310,173.310,175.223
1594322880000,1594322940000,BA,1214.000,263105.000,179.630,173.204,173.300,173.070,173.360,173.070,175.214
1594323000000,1594323060000,BA,1101.000,264332.000,179.630,173.174,173.000,173.170,173.250,173.000,175.204
1594323060000,1594323120000,BA,413.000,264745.000,179.630,173.093,173.110,173.130,173.130,173.070,175.201
1594323120000,1594323180000,BA,986.000,265731.000,179.630,172.989,172.880,173.015,173.075,172.880,175.193
1594323180000,1594323240000,BA,2144.000,267875.000,179.630,173.220,173.110,173.370,173.380,173.110,175.177
1594323240000,1594323300000,BA,645.000,268520.000,179.630,173.222,173.240,173.195,173.280,173.195,175.173
1594323300000,1594323360000,BA,418.000,268938.000,179.630,173.159,173.260,173.100,173.260,173.100,175.169
1594323360000,1594323420000,BA,636.000,269574.000,179.630,173.114,173.100,173.130,173.150,173.050,175.165
1594323420000,1594323480000,BA,1144.000,270718.000,179.630,173.142,173.210,173.060,173.210,173.050,175.156
1594323480000,1594323540000,BA,789.000,271507.000,179.630,173.129,173.030,173.230,173.230,173.030,175.150
1594323660000,1594323720000,BA,1113.000,275503.000,179.630,173.125,173.070,173.205,173.205,173.070,175.122
1594323720000,1594323780000,BA,1428.000,276931.000,179.630,173.231,173.220,173.335,173.350,173.185,175.112
1594323780000,1594323840000,BA,3570.000,280501.000,179.630,173.397,173.305,173.340,173.465,173.305,175.090
1594323840000,1594323900000,BA,1819.000,282320.000,179.630,173.345,173.350,173.330,173.400,173.265,175.079
1594323900000,1594323960000,BA,2285.000,284605.000,179.630,173.409,173.345,173.485,173.485,173.335,175.066
1594323960000,1594324020000,BA,610.000,285215.000,179.630,173.382,173.420,173.320,173.430,173.285,175.062
1594324020000,1594324080000,BA,1353.000,286568.000,179.630,173.403,173.345,173.440,173.440,173.345,175.054
1594324080000,1594324140000,BA,2147.000,288715.000,179.630,173.953,173.575,174.010,174.040,173.575,175.046
1594324140000,1594324200000,BA,1197.000,289912.000,179.630,173.731,173.930,173.665,173.930,173.630,175.041
1594324200000,1594324260000,BA,1603.000,291515.000,179.630,173.541,173.655,173.580,173.655,173.420,175.032
1594324260000,1594324320000,BA,2307.000,293822.000,179.630,173.428,173.495,173.350,173.495,173.345,175.020
1594324320000,1594324380000,BA,1508.000,295330.000,179.630,173.409,173.430,173.400,173.440,173.390,175.012
1594324380000,1594324440000,BA,1281.000,296611.000,179.630,173.509,173.560,173.485,173.560,173.440,175.005
1594324440000,1594324500000,BA,1567.000,298178.000,179.630,173.478,173.430,173.550,173.590,173.370,174.997
1594324500000,1594324560000,BA,2038.000,300216.000,179.630,173.390,173.530,173.360,173.530,173.280,174.986
1594324560000,1594324620000,BA,926.000,301142.000,179.630,173.228,173.260,173.260,173.290,173.170,174.981
1594324620000,1594324680000,BA,2304.000,303446.000,179.630,173.301,173.220,173.360,173.380,173.220,174.968
1594324680000,1594324740000,BA,1448.000,304894.000,179.630,173.346,173.375,173.320,173.375,173.320,174.960
1594324740000,1594324800000,BA,3061.000,307955.000,179.630,173.296,173.310,173.230,173.340,173.230,174.944
