1594319460000,1594319520000,MSFT,6697.000,713457.000,216.330,214.027,214.060,214.000,214.060,213.910,213.922
1594319520000,1594319580000,MSFT,861.000,714318.000,216.330,213.947,213.990,213.800,214.010,213.800,213.922
1594319580000,1594319640000,MSFT,869.000,715187.000,216.330,213.836,213.820,213.860,213.920,213.760,213.922
1594319640000,1594319700000,MSFT,471.000,715658.000,216.330,213.785,213.770,213.830,213.830,213.760,213.922
1594319700000,1594319760000,MSFT,1723.000,717381.000,216.330,213.729,213.810,213.730,213.810,213.690,213.921
1594319760000,1594319820000,MSFT,526.000,717907.000,216.330,213.695,213.750,213.590,213.790,213.590,213.921
1594319820000,1594319880000,MSFT,1224.000,719131.000,216.330,213.528,213.600,213.490,213.600,213.490,213.921
1594319880000,1594319940000,MSFT,1150.000,720281.000,216.330,213.566,213.600,213.630,213.630,213.500,213.920
1594319940000,1594320000000,MSFT,277.000,720558.000,216.330,213.707,213.710,213.720,213.720,213.710,213.920
1594320000000,1594320060000,MSFT,670.000,721228.000,216.330,213.690,213.680,213.710,213.710,213.660,213.920
1594320060000,1594320120000,MSFT,884.000,722112.000,216.330,213.716,213.780,213.710,213.780,213.660,213.919
1594320120000,1594320180000,MSFT,482.000,722594.000,216.330,213.659,213.670,213.680,213.680,213.610,213.919
1594320180000,1594320240000,MSFT,834.000,723428.000,216.330,213.638,213.610,213.670,213.680,213.590,213.919
1594320240000,1594320300000,MSFT,947.000,724375.000,216.330,213.600,213.640,213.600,213.650,213.530,213.919
1594320300000,1594320360000,MSFT,1919.000,726294.000,216.330,213.599,213.570,213.580,213.640,213.570,213.918
1594320360000,1594320420000,MSFT,1613.000,727907.000,216.330,213.482,213.520,213.480,213.520,213.440,213.917
1594320420000,1594320480000,MSFT,491.000,728398.000,216.330,213.596,213.590,213.630,213.630,213.590,213.917
1594320480000,1594320540000,MSFT,771.000,729169.000,216.330,213.652,213.595,213.700,213.730,213.595,213.916
1594320540000,1594320600000,MSFT,1233.000,730402.000,216.330,213.642,213.660,213.650,213.660,213.640,213.916
1594320600000,1594320660000,MSFT,1204.000,731606.000,216.330,213.691,213.640,213.670,213.760,213.640,213.915
1594320660000,1594320720000,MSFT,705.000,732311.000,216.330,213.621,213.605,213.610,213.650,213.605,213.915
1594320720000,1594320780000,MSFT,429.000,732740.000,216.330,213.651,213.580,213.700,213.700,213.580,213.915
1594320780000,1594320840000,MSFT,810.000,733550.000,216.330,213.704,213.700,213.740,213.740,213.680,213.915
1594320840000,1594320900000,MSFT,1368.000,734918.000,216.330,213.802,213.760,213.840,213.840,213.760,213.915
1594320900000,1594320960000,MSFT,584.000,735502.000,216.330,213.887,213.860,213.890,213.900,213.860,213.915
1594320960000,1594321020000,MSFT,573.000,736075.000,216.330,213.911,213.880,214.000,214.000,213.880,213.915
1594321020000,1594321080000,MSFT,322.000,736397.000,216.330,213.967,213.980,213.930,213.980,213.930,213.915
1594321080000,1594321140000,MSFT,869.000,737266.000,216.330,214.020,213.990,214.030,214.060,213.990,213.915
1594321140000,1594321200000,MSFT,555.000,737821.000,216.330,214.064,214.010,214.125,214.130,214.000,213.915
1594321200000,1594321260000,MSFT,1999.000,739820.000,216.330,214.239,214.125,214.260,214.370,214.120,213.916
1594321260000,1594321320000,MSFT,3090.000,742910.000,216.330,214.364,214.310,214.385,214.410,214.310,213.917
1594321320000,1594321380000,MSFT,3583.000,746493.000,216.330,214.279,214.360,214.140,214.370,214.140,213.919
1594321380000,1594321440000,MSFT,637.000,747130.000,216.330,214.160,214.160,214.140,214.160,214.140,213.919
1594321440000,1594321500000,MSFT,518.000,747648.000,216.330,214.290,214.250,214.270,214.310,214.250,213.920
1594321500000,1594321560000,MSFT,1020.000,748668.000,216.330,214.294,214.370,214.160,214.370,214.160,213.920
1594321560000,1594321620000,MSFT,1470.000,750138.000,216.330,214.104,214.100,214.095,214.120,214.090,213.921
1594321620000,1594321680000,MSFT,1536.000,751674.000,216.330,214.117,214.125,214.110,214.130,214.100,213.921
1594321680000,1594321740000,MSFT,1264.000,752938.000,216.330,214.129,214.125,214.150,214.155,214.120,213.921
1594321740000,1594321800000,MSFT,1085.000,754023.000,216.330,214.134,214.140,214.165,214.165,214.080,213.922
1594321800000,1594321860000,MSFT,456.000,754479.000,216.330,214.018,214.120,213.980,214.120,213.940,213.922
1594321860000,1594321920000,MSFT,954.000,755433.000,216.330,213.942,214.040,213.925,214.040,213.880,213.922
1594321920000,1594321980000,MSFT,738.000,756171.000,216.330,214.001,213.975,214.030,214.030,213.975,213.922
1594321980000,1594322040000,MSFT,1366.000,757537.000,216.330,214.234,214.170,214.310,214.310,214.170,213.922
1594322040000,1594322100000,MSFT,530.000,758067.000,216.330,214.386,214.390,214.440,214.440,214.390,213.923
1594322100000,1594322160000,MSFT,2848.000,760915.000,216.330,214.445,214.520,214.360,214.590,214.350,213.925
1594322160000,1594322220000,MSFT,603.000,761518.000,216.330,214.212,214.230,214.240,214.240,214.200,213.925
1594322220000,1594322280000,MSFT,1183.000,762701.000,216.330,214.183,214.210,214.160,214.220,214.140,213.925
1594322280000,1594322340000,MSFT,748.000,763449.000,216.330,214.218,214.270,214.150,214.295,214.150,213.926
1594322340000,1594322400000,MSFT,606.000,764055.000,216.330,214.234,214.210,214.240,214.240,214.210,213.926
1594322400000,1594322460000,MSFT,1156.000,765211.000,216.330,214.204,214.260,214.140,214.270,214.140,213.926
1594322460000,1594322520000,MSFT,1462.000,766673.000,216.330,213.924,214.005,213.850,214.005,213.805,213.926
1594322520000,1594322580000,MSFT,1853.000,768526.000,216.330,213.800,213.790,213.865,213.865,213.700,213.926
1594322580000,1594322640000,MSFT,679.000,769205.000,216.330,213.964,213.930,213.990,213.990,213.930,213.926
1594322640000,1594322700000,MSFT,559.000,769764.000,216.330,214.112,214.090,214.120,214.120,214.090,213.926
1594322700000,1594322760000,MSFT,309.000,770073.000,216.330,214.132,214.105,214.105,214.105,214.105,213.926
1594322760000,1594322820000,MSFT,555.000,770628.000,216.330,214.057,214.040,214.090,214.090,214.040,213.926
1594322820000,1594322880000,MSFT,191.000,770819.000,216.330,214.141,214.140,214.140,214.140,214.140,213.926
1594322880000,1594322940000,MSFT,833.000,771652.000,216.330,213.992,214.120,213.730,214.180,213.730,213.926
1594322940000,1594323000000,MSFT,1421.000,773073.000,216.330,213.763,213.720,213.600,213.850,213.600,213.926
1594323000000,1594323060000,MSFT,1675.000,774748.000,216.330,213.510,213.615,213.490,213.615,213.420,213.925
1594323060000,1594323120000,MSFT,1704.000,776452.000,216.330,213.272,213.410,213.060,213.410,213.060,213.924
1594323120000,1594323180000,MSFT,1696.000,778148.000,216.330,213.083,213.120,213.120,213.120,213.010,213.922
1594323180000,1594323240000,MSFT,1113.000,779261.000,216.330,213.289,213.180,213.380,213.380,213.180,213.921
1594323240000,1594323300000,MSFT,985.000,780246.000,216.330,213.267,213.270,213.310,213.355,213.190,213.920
1594323300000,1594323360000,MSFT,4474.000,784720.000,216.330,213.240,213.330,213.025,213.330,213.025,213.916
1594323360000,1594323420000,MSFT,2764.000,787484.000,216.330,213.102,212.970,213.305,213.305,212.970,213.913
1594323420000,1594323480000,MSFT,2959.000,790443.000,216.330,213.335,213.305,213.370,213.370,213.240,213.911
1594323480000,1594323540000,MSFT,1730.000,792173.000,216.330,213.323,213.305,213.420,213.420,213.200,213.910
1594323660000,1594323720000,MSFT,1166.000,795350.000,216.330,213.397,213.340,213.540,213.540,213.270,213.908
1594323720000,1594323780000,MSFT,285.000,795635.000,216.330,213.651,213.660,213.660,213.660,213.660,213.908
1594323780000,1594323840000,MSFT,504.000,796139.000,216.330,213.733,213.720,213.760,213.760,213.700,213.908
1594323840000,1594323900000,MSFT,403.000,796542.000,216.330,213.959,213.920,214.010,214.010,213.920,213.908
1594323900000,1594323960000,MSFT,1245.000,797787.000,216.330,214.140,214.090,214.050,214.220,214.050,213.908
1594323960000,1594324020000,MSFT,4239.000,802026.000,216.330,214.074,213.990,214.100,214.100,213.990,213.909
1594324020000,1594324080000,MSFT,6848.000,808874.000,216.330,214.099,214.100,214.090,214.100,214.090,213.911
1594324080000,1594324140000,MSFT,3051.000,811925.000,216.330,214.338,214.210,214.620,214.620,214.210,213.912
1594324140000,1594324200000,MSFT,1869.000,813794.000,216.330,214.447,214.610,214.230,214.610,214.180,213.914
1594324200000,1594324260000,MSFT,3170.000,816964.000,216.330,214.113,214.145,213.950,214.290,213.950,213.914
1594324260000,1594324320000,MSFT,5308.000,822272.000,216.330,213.953,213.950,213.940,214.040,213.840,213.915
1594324320000,1594324380000,MSFT,7177.000,829449.000,216.330,214.154,213.930,214.320,214.350,213.930,213.917
1594324380000,1594324440000,MSFT,4139.000,833588.000,216.330,214.346,214.360,214.370,214.410,214.290,213.919
1594324440000,1594324500000,MSFT,1087.000,834675.000,216.330,214.265,214.375,214.320,214.375,214.180,213.919
1594324500000,1594324560000,MSFT,2689.000,837364.000,216.330,214.123,214.330,214.110,214.335,213.900,213.920
1594324560000,1594324620000,MSFT,5742.000,843106.000,216.330,214.154,214.115,214.180,214.200,214.090,213.922
1594324620000,1594324680000,MSFT,4819.000,847925.000,216.330,214.096,214.115,214.150,214.150,213.995,213.923
1594324680000,1594324740000,MSFT,2174.000,850099.000,216.330,214.043,214.095,214.090,214.100,213.960,213.923
1594324740000,1594324800000,MSFT,6869.000,856968.000,216.330,214.138,214.025,214.440,214.440,213.990,213.925
