1594319460000,1594319520000,TSLA,537.000,190641.000,1396.310,1386.267,1385.580,1385.730,1385.730,1385.580,1377.763
1594319520000,1594319580000,TSLA,262.000,190903.000,1396.310,1387.618,1387.210,1388.120,1388.120,1387.210,1377.776
1594319640000,1594319700000,TSLA,173.000,191082.000,1396.310,1388.991,1388.980,1388.980,1388.980,1388.980,1377.787
1594319700000,1594319760000,TSLA,248.000,191330.000,1396.310,1387.934,1388.320,1387.380,1388.320,1387.380,1377.800
1594319760000,1594319820000,TSLA,363.000,191693.000,1396.310,1387.667,1388.660,1387.020,1388.660,1387.020,1377.819
1594319820000,1594319880000,TSLA,333.000,192026.000,1396.310,1387.327,1387.490,1386.470,1387.800,1386.470,1377.835
1594319940000,1594320000000,TSLA,406.000,192463.000,1396.310,1387.213,1386.990,1387.020,1387.400,1386.990,1377.856
1594320060000,1594320120000,TSLA,347.000,192854.000,1396.310,1388.445,1388.990,1388.990,1388.990,1388.990,1377.878
1594320120000,1594320180000,TSLA,231.000,193085.000,1396.310,1387.855,1387.720,1387.720,1387.720,1387.720,1377.889
1594320180000,1594320240000,TSLA,3619.000,196704.000,1396.310,1390.098,1390.000,1391.440,1391.440,1389.100,1378.114
1594320240000,1594320300000,TSLA,592.000,197296.000,1396.310,1392.287,1392.240,1392.685,1392.685,1392.240,1378.157
1594320300000,1594320360000,TSLA,372.000,197668.000,1396.310,1393.245,1393.160,1393.760,1393.760,1393.160,1378.185
1594320360000,1594320420000,TSLA,787.000,198455.000,1396.310,1395.374,1394.780,1396.460,1396.460,1394.780,1378.253
1594320420000,1594320480000,TSLA,317.000,198772.000,1396.310,1395.704,1395.010,1395.010,1395.010,1395.010,1378.281
1594320480000,1594320540000,TSLA,291.000,199063.000,1396.310,1397.371,1397.700,1397.050,1397.700,1397.050,1378.309
1594320540000,1594320600000,TSLA,495.000,199558.000,1396.310,1396.479,1396.280,1396.280,1396.280,1396.280,1378.354
1594320600000,1594320660000,TSLA,276.000,199834.000,1396.310,1398.714,1398.660,1398.880,1398.880,1398.660,1378.382
1594320720000,1594320780000,TSLA,606.000,200841.000,1396.310,1393.456,1394.770,1393.790,1394.770,1392.520,1378.467
1594320780000,1594320840000,TSLA,477.000,201318.000,1396.310,1394.379,1393.990,1394.230,1394.230,1393.990,1378.505
1594320900000,1594320960000,TSLA,532.000,202131.000,1396.310,1396.025,1396.360,1396.360,1396.360,1396.360,1378.574
1594320960000,1594321020000,TSLA,423.000,202554.000,1396.310,1394.418,1394.110,1394.110,1394.110,1394.110,1378.607
1594321020000,1594321080000,TSLA,381.000,202935.000,1396.310,1393.036,1393.890,1392.980,1393.890,1392.310,1378.634
1594321080000,1594321140000,TSLA,776.000,203711.000,1396.310,1394.455,1392.970,1395.930,1395.930,1392.970,1378.694
1594321200000,1594321260000,TSLA,507.000,204226.000,1396.310,1395.708,1395.790,1395.480,1395.790,1395.480,1378.737
1594321260000,1594321320000,TSLA,255.000,204481.000,1396.310,1397.472,1397.270,1397.800,1397.800,1397.270,1378.761
1594321320000,1594321380000,TSLA,146.000,204627.000,1396.310,1395.210,1395.050,1395.050,1395.050,1395.050,1378.772
1594321380000,1594321440000,TSLA,100.000,204727.000,1396.310,1396.390,1396.390,1396.390,1396.390,1396.390,1378.781
1594321440000,1594321500000,TSLA,438.000,205165.000,1396.310,1397.538,1397.540,1397.600,1397.990,1397.540,1378.821
1594321500000,1594321560000,TSLA,1292.000,206457.000,1396.310,1399.026,1398.735,1399.180,1399.285,1398.735,1378.947
1594321560000,1594321620000,TSLA,1334.000,207791.000,1396.310,1398.982,1399.155,1399.130,1399.490,1398.230,1379.076
1594321620000,1594321680000,TSLA,1081.000,208872.000,1396.310,1398.791,1399.140,1398.650,1399.140,1398.600,1379.178
1594321680000,1594321740000,TSLA,1269.000,210141.000,1396.310,1398.394,1398.565,1397.630,1398.675,1397.630,1379.294
1594321740000,1594321800000,TSLA,597.000,210738.000,1396.310,1397.839,1398.150,1397.340,1398.150,1397.340,1379.347
1594321800000,1594321860000,TSLA,399.000,211137.000,1396.310,1398.116,1398.310,1398.310,1398.310,1398.310,1379.382
1594321860000,1594321920000,TSLA,445.000,211582.000,1396.310,1398.010,1397.680,1398.200,1398.200,1397.680,1379.421
1594321920000,1594321980000,TSLA,101.000,211683.000,1396.310,1398.361,1398.370,1398.370,1398.370,1398.370,1379.430
1594321980000,1594322040000,TSLA,883.000,212566.000,1396.310,1399.320,1399.470,1399.740,1399.740,1399.470,1379.513
1594322040000,1594322100000,TSLA,587.000,213153.000,1396.310,1401.314,1401.240,1401.720,1401.720,1401.240,1379.573
1594322100000,1594322160000,TSLA,870.000,214023.000,1396.310,1401.098,1401.050,1401.500,1401.500,1401.050,1379.660
1594322160000,1594322220000,TSLA,310.000,214333.000,1396.310,1397.069,1396.190,1396.190,1396.190,1396.190,1379.686
1594322220000,1594322280000,TSLA,219.000,214552.000,1396.310,1394.905,1394.720,1394.920,1394.920,1394.720,1379.701
1594322280000,1594322340000,TSLA,208.000,214760.000,1396.310,1396.168,1396.280,1396.280,1396.280,1396.280,1379.717
1594322340000,1594322400000,TSLA,317.000,215077.000,1396.310,1396.558,1396.310,1396.760,1396.760,1396.310,1379.742
1594322460000,1594322520000,TSLA,524.000,215797.000,1396.310,1389.206,1390.890,1387.750,1390.890,1387.750,1379.779
1594322520000,1594322580000,TSLA,2369.000,218166.000,1396.310,1386.390,1388.940,1386.280,1388.940,1385.010,1379.851
1594322580000,1594322640000,TSLA,305.000,218471.000,1396.310,1386.994,1386.980,1386.980,1386.980,1386.980,1379.861
1594322640000,1594322700000,TSLA,416.000,218887.000,1396.310,1389.071,1387.690,1388.950,1388.950,1387.690,1379.878
1594322700000,1594322760000,TSLA,427.000,219314.000,1396.310,1390.099,1390.530,1390.380,1390.530,1390.380,1379.898
1594322820000,1594322880000,TSLA,236.000,219618.000,1396.310,1387.845,1387.950,1387.950,1387.950,1387.950,1379.909
1594322880000,1594322940000,TSLA,1061.000,220679.000,1396.310,1385.796,1388.340,1382.530,1388.340,1382.530,1379.937
1594322940000,1594323000000,TSLA,245.000,220924.000,1396.310,1384.465,1385.190,1385.190,1385.190,1385.190,1379.942
1594323000000,1594323060000,TSLA,167.000,221091.000,1396.310,1383.961,1383.960,1383.960,1383.960,1383.960,1379.945
1594323060000,1594323120000,TSLA,2987.000,224078.000,1396.310,1380.318,1382.070,1380.380,1382.210,1380.000,1379.950
1594323120000,1594323180000,TSLA,734.000,224812.000,1396.310,1380.900,1380.000,1381.670,1381.670,1380.000,1379.953
1594323180000,1594323240000,TSLA,1458.000,226270.000,1396.310,1383.029,1380.960,1383.100,1383.770,1380.960,1379.973
1594323240000,1594323300000,TSLA,491.000,226761.000,1396.310,1382.647,1382.695,1382.590,1382.695,1382.070,1379.979
1594323300000,1594323360000,TSLA,280.000,227041.000,1396.310,1384.073,1384.140,1384.140,1384.140,1384.140,1379.984
1594323360000,1594323420000,TSLA,428.000,227469.000,1396.310,1383.524,1383.470,1383.560,1383.990,1383.470,1379.990
1594323420000,1594323480000,TSLA,1011.000,228480.000,1396.310,1386.513,1384.590,1388.990,1388.990,1384.590,1380.019
1594323480000,1594323540000,TSLA,628.000,229108.000,1396.310,1388.251,1387.800,1388.550,1388.550,1387.800,1380.042
1594323660000,1594323720000,TSLA,419.000,231761.000,1396.310,1387.595,1387.330,1387.910,1387.910,1387.330,1380.149
1594323720000,1594323780000,TSLA,646.000,232407.000,1396.310,1389.759,1388.570,1389.670,1390.530,1388.570,1380.176
1594323780000,1594323840000,TSLA,460.000,232867.000,1396.310,1390.710,1391.130,1390.780,1391.130,1390.780,1380.197
1594323840000,1594323900000,TSLA,239.000,233106.000,1396.310,1390.811,1390.420,1391.110,1391.110,1390.420,1380.208
1594323900000,1594323960000,TSLA,310.000,233416.000,1396.310,1392.706,1392.240,1392.240,1392.240,1392.240,1380.225
1594323960000,1594324020000,TSLA,406.000,233822.000,1396.310,1392.987,1392.850,1393.240,1393.240,1392.850,1380.247
1594324020000,1594324080000,TSLA,550.000,234372.000,1396.310,1394.539,1393.820,1394.570,1394.640,1393.820,1380.280
1594324080000,1594324140000,TSLA,467.000,234839.000,1396.310,1397.305,1397.060,1397.840,1397.840,1397.060,1380.314
1594324140000,1594324200000,TSLA,1509.000,236348.000,1396.310,1396.190,1396.850,1395.390,1396.850,1395.390,1380.415
1594324200000,1594324260000,TSLA,654.000,237002.000,1396.310,1393.888,1393.510,1394.240,1394.270,1393.510,1380.453
1594324260000,1594324320000,TSLA,731.000,237733.000,1396.310,1395.055,1393.640,1396.450,1396.450,1393.640,1380.497
1594324320000,1594324380000,TSLA,980.000,238713.000,1396.310,1397.131,1396.200,1397.305,1398.210,1395.990,1380.566
1594324380000,1594324440000,TSLA,1424.000,240137.000,1396.310,1397.355,1397.990,1397.320,1397.990,1396.520,1380.665
1594324440000,1594324500000,TSLA,941.000,241078.000,1396.310,1396.121,1396.825,1395.360,1397.070,1395.360,1380.726
1594324500000,1594324560000,TSLA,1421.000,242499.000,1396.310,1392.687,1394.490,1391.425,1394.540,1390.420,1380.796
1594324560000,1594324620000,TSLA,811.000,243310.000,1396.310,1394.040,1393.450,1394.455,1394.660,1393.450,1380.840
1594324620000,1594324680000,TSLA,704.000,244014.000,1396.310,1393.962,1393.340,1394.520,1394.690,1393.340,1380.878
1594324680000,1594324740000,TSLA,895.000,244909.000,1396.310,1394.100,1394.260,1394.080,1394.370,1394.000,1380.926
1594324740000,1594324800000,TSLA,1366.000,246275.000,1396.310,1394.323,1394.380,1394.090,1394.750,1394.090,1381.000
1594325280000,1594325340000,TSLA,104.000,246519.000,1396.310,1393.925,1393.930,1393.930,1393.930,1393.930,1381.013
1594328460000,1594328520000,TSLA,100.000,246733.000,1396.310,1396.700,1396.700,1396.700,1396.700,1396.700,1381.027
