timestamp,open,close,high,low,volume
2020-07-10T09:55:00-04:00,1.070,1.075,1.075,1.070,932
2020-07-10T10:00:00-04:00,1.090,1.085,1.090,1.070,1650
2020-07-10T10:05:00-04:00,1.090,1.065,1.090,1.065,3653
2020-07-10T10:10:00-04:00,1.060,1.070,1.070,1.060,1236
2020-07-10T10:15:00-04:00,1.060,1.060,1.060,1.060,100
2020-07-10T10:20:00-04:00,1.060,1.060,1.060,1.050,14592
2020-07-10T10:25:00-04:00,1.070,1.070,1.070,1.070,200
2020-07-10T10:30:00-04:00,1.060,1.030,1.060,1.030,4804
2020-07-10T10:45:00-04:00,1.020,1.020,1.020,1.020,600
2020-07-10T10:50:00-04:00,1.020,1.020,1.020,1.020,900
2020-07-10T10:55:00-04:00,1.020,1.040,1.040,1.020,4450
2020-07-10T11:25:00-04:00,1.050,1.050,1.050,1.050,200
2020-07-10T11:40:00-04:00,1.060,1.060,1.060,1.060,400
2020-07-10T11:45:00-04:00,1.055,1.055,1.055,1.055,100
2020-07-10T12:00:00-04:00,1.050,1.050,1.050,1.050,3577
2020-07-10T12:50:00-04:00,1.035,1.030,1.035,1.030,449
2020-07-10T13:15:00-04:00,1.030,1.030,1.030,1.030,174
2020-07-10T14:20:00-04:00,1.030,1.030,1.030,1.030,143
2020-07-10T15:35:00-04:00,1.010,1.010,1.010,1.000,2800
2020-07-10T15:45:00-04:00,1.005,1.005,1.005,1.005,677
2020-07-10T15:55:00-04:00,1.000,1.000,1.000,1.000,180
2020-07-13T08:00:00-04:00,1.370,1.370,1.370,1.370,100
2020-07-13T08:10:00-04:00,1.330,1.330,1.330,1.330,4400
2020-07-13T08:30:00-04:00,1.340,1.340,1.340,1.340,200
2020-07-13T08:50:00-04:00,1.280,1.280,1.280,1.280,100
2020-07-13T09:00:00-04:00,1.290,1.290,1.290,1.290,100
2020-07-13T09:10:00-04:00,1.290,1.290,1.290,1.290,100
2020-07-13T09:25:00-04:00,1.290,1.290,1.290,1.290,900
2020-07-13T09:30:00-04:00,1.300,1.230,1.300,1.220,4113
2020-07-13T09:35:00-04:00,1.220,1.270,1.270,1.220,6145
2020-07-13T09:40:00-04:00,1.265,1.245,1.265,1.245,2802
2020-07-13T09:45:00-04:00,1.225,1.240,1.240,1.200,5470
2020-07-13T09:50:00-04:00,1.250,1.250,1.250,1.250,233
2020-07-13T09:55:00-04:00,1.280,1.280,1.280,1.260,3401
2020-07-13T10:00:00-04:00,1.255,1.245,1.255,1.245,350
2020-07-13T10:05:00-04:00,1.250,1.240,1.250,1.240,300
2020-07-13T10:10:00-04:00,1.200,1.200,1.200,1.200,1700
2020-07-13T10:15:00-04:00,1.190,1.200,1.210,1.190,1300
2020-07-13T10:20:00-04:00,1.220,1.220,1.220,1.220,100
2020-07-13T10:35:00-04:00,1.210,1.210,1.210,1.200,3300
2020-07-13T10:40:00-04:00,1.225,1.215,1.225,1.215,904
2020-07-13T10:45:00-04:00,1.215,1.205,1.215,1.200,5627
2020-07-13T10:50:00-04:00,1.205,1.205,1.205,1.205,128
2020-07-13T10:55:00-04:00,1.205,1.205,1.205,1.205,3850
2020-07-13T11:00:00-04:00,1.180,1.180,1.180,1.180,221
2020-07-13T11:05:00-04:00,1.180,1.180,1.180,1.180,100
2020-07-13T11:10:00-04:00,1.195,1.190,1.195,1.190,470
2020-07-13T11:15:00-04:00,1.185,1.185,1.185,1.185,355
2020-07-13T11:20:00-04:00,1.185,1.185,1.185,1.185,599
2020-07-13T11:35:00-04:00,1.200,1.200,1.200,1.200,250
2020-07-13T11:40:00-04:00,1.235,1.235,1.235,1.235,200
2020-07-13T11:45:00-04:00,1.235,1.235,1.235,1.235,300
2020-07-13T12:05:00-04:00,1.215,1.215,1.215,1.215,150
2020-07-13T12:10:00-04:00,1.215,1.215,1.215,1.215,150
2020-07-13T12:35:00-04:00,1.225,1.225,1.225,1.225,500
2020-07-13T12:40:00-04:00,1.250,1.260,1.260,1.250,260
2020-07-13T12:45:00-04:00,1.260,1.260,1.260,1.260,200
2020-07-13T12:55:00-04:00,1.250,1.260,1.260,1.250,4100
2020-07-13T13:10:00-04:00,1.250,1.265,1.265,1.250,2102
2020-07-13T13:15:00-04:00,1.255,1.270,1.270,1.255,752
2020-07-13T13:25:00-04:00,1.290,1.330,1.340,1.290,4000
2020-07-13T13:30:00-04:00,1.335,1.390,1.390,1.310,3950
2020-07-13T13:35:00-04:00,1.360,1.370,1.380,1.360,683
2020-07-13T13:40:00-04:00,1.340,1.350,1.350,1.340,400
2020-07-13T13:45:00-04:00,1.340,1.340,1.340,1.340,100
2020-07-13T13:55:00-04:00,1.340,1.310,1.340,1.310,605
2020-07-13T14:00:00-04:00,1.310,1.290,1.310,1.290,500
2020-07-13T14:05:00-04:00,1.315,1.340,1.340,1.315,9132
2020-07-13T14:10:00-04:00,1.360,1.350,1.360,1.350,350
2020-07-13T14:15:00-04:00,1.370,1.380,1.380,1.370,600
2020-07-13T14:20:00-04:00,1.370,1.340,1.370,1.340,1236
2020-07-13T14:25:00-04:00,1.370,1.360,1.370,1.360,759
2020-07-13T14:30:00-04:00,1.380,1.430,1.430,1.380,2800
2020-07-13T14:35:00-04:00,1.430,1.470,1.470,1.420,7650
2020-07-13T14:40:00-04:00,1.480,1.445,1.485,1.445,5723
2020-07-13T14:45:00-04:00,1.460,1.570,1.570,1.455,8089
2020-07-13T14:50:00-04:00,1.570,1.555,1.580,1.520,2800
2020-07-13T14:55:00-04:00,1.530,1.510,1.540,1.500,1514
2020-07-13T15:05:00-04:00,1.520,1.600,1.600,1.520,2350
2020-07-13T15:10:00-04:00,1.610,1.580,1.630,1.580,3485
2020-07-13T15:15:00-04:00,1.580,1.660,1.680,1.580,2583
2020-07-13T15:20:00-04:00,1.660,1.780,1.780,1.660,11450
2020-07-13T15:25:00-04:00,1.760,1.660,1.765,1.630,6780
2020-07-13T15:30:00-04:00,1.690,1.800,1.840,1.690,16362
2020-07-13T15:35:00-04:00,1.800,1.750,1.800,1.690,5110
2020-07-13T15:40:00-04:00,1.720,1.680,1.740,1.660,7797
2020-07-13T15:45:00-04:00,1.675,1.515,1.675,1.510,27908
2020-07-13T15:50:00-04:00,1.530,1.580,1.620,1.530,9963
2020-07-13T15:55:00-04:00,1.600,1.530,1.600,1.520,9681
2020-07-13T16:50:00-04:00,1.610,1.610,1.610,1.610,100
2020-07-13T17:15:00-04:00,1.850,1.850,1.850,1.850,200
2020-07-14T08:05:00-04:00,1.860,1.860,1.860,1.860,11300
2020-07-14T08:10:00-04:00,1.860,1.860,1.860,1.860,8500
2020-07-14T08:15:00-04:00,1.860,1.860,1.860,1.860,2500
2020-07-14T08:20:00-04:00,1.860,1.860,1.860,1.860,4508
2020-07-14T08:40:00-04:00,1.770,1.770,1.770,1.770,500
2020-07-14T08:45:00-04:00,1.740,1.750,1.750,1.740,9000
2020-07-14T08:50:00-04:00,1.720,1.720,1.720,1.720,7800
2020-07-14T08:55:00-04:00,1.720,1.720,1.720,1.720,3125
2020-07-14T09:00:00-04:00,1.750,1.800,1.800,1.750,5887
2020-07-14T09:05:00-04:00,1.800,1.800,1.800,1.800,6000
2020-07-14T09:10:00-04:00,1.750,1.750,1.750,1.750,1600
2020-07-14T09:15:00-04:00,1.710,1.700,1.710,1.700,1300
2020-07-14T09:25:00-04:00,1.670,1.670,1.670,1.670,500
2020-07-14T09:30:00-04:00,1.840,1.940,1.940,1.770,5743
2020-07-14T09:35:00-04:00,1.935,2.080,2.100,1.840,21953
2020-07-14T09:40:00-04:00,2.060,2.120,2.170,1.980,13067
2020-07-14T09:45:00-04:00,2.110,2.190,2.390,2.110,30961
2020-07-14T09:50:00-04:00,2.200,2.180,2.255,2.130,15324
2020-07-14T09:55:00-04:00,2.100,2.160,2.160,2.080,7058
2020-07-14T10:00:00-04:00,2.160,2.120,2.170,2.040,10820
2020-07-14T10:05:00-04:00,2.195,2.260,2.300,2.165,13838
2020-07-14T10:10:00-04:00,2.260,2.310,2.320,2.180,15779
2020-07-14T10:15:00-04:00,2.340,2.230,2.340,2.220,6854
2020-07-14T10:20:00-04:00,2.260,2.400,2.450,2.260,11985
2020-07-14T10:25:00-04:00,2.450,2.550,2.590,2.330,35161
2020-07-14T10:30:00-04:00,2.570,2.660,2.730,2.570,26105
2020-07-14T10:35:00-04:00,2.690,2.380,2.700,2.360,29108
2020-07-14T10:40:00-04:00,2.390,2.310,2.420,2.290,18180
2020-07-14T10:45:00-04:00,2.300,2.405,2.405,2.300,12829
2020-07-14T10:50:00-04:00,2.395,2.330,2.395,2.290,7178
2020-07-14T10:55:00-04:00,2.300,2.180,2.310,2.160,17791
2020-07-14T11:00:00-04:00,2.200,2.260,2.270,2.170,14116
2020-07-14T11:05:00-04:00,2.330,2.290,2.350,2.280,4424
2020-07-14T11:10:00-04:00,2.270,2.300,2.360,2.270,4600
2020-07-14T11:15:00-04:00,2.320,2.440,2.460,2.320,10517
2020-07-14T11:20:00-04:00,2.420,2.320,2.420,2.285,16801
2020-07-14T11:25:00-04:00,2.300,2.290,2.320,2.250,4200
2020-07-14T11:30:00-04:00,2.280,2.200,2.290,2.200,3900
2020-07-14T11:35:00-04:00,2.240,2.250,2.250,2.240,2650
2020-07-14T11:40:00-04:00,2.225,2.210,2.245,2.190,2500
2020-07-14T11:45:00-04:00,2.240,2.180,2.250,2.180,4500
2020-07-14T11:50:00-04:00,2.230,2.130,2.230,2.130,1705
2020-07-14T11:55:00-04:00,2.130,2.060,2.130,2.060,8237
2020-07-14T12:00:00-04:00,2.070,2.120,2.120,2.070,6771
2020-07-14T12:05:00-04:00,2.125,2.115,2.130,2.115,1200
2020-07-14T12:10:00-04:00,2.040,1.990,2.040,1.950,13913
2020-07-14T12:15:00-04:00,1.980,2.005,2.020,1.950,6258
2020-07-14T12:20:00-04:00,2.030,2.000,2.060,2.000,4640
2020-07-14T12:25:00-04:00,2.020,2.020,2.020,1.980,501
2020-07-14T12:30:00-04:00,2.075,2.060,2.090,2.060,8050
2020-07-14T12:35:00-04:00,2.060,2.040,2.060,2.020,1500
2020-07-14T12:40:00-04:00,2.050,2.140,2.160,2.050,2100
2020-07-14T12:45:00-04:00,2.160,2.170,2.200,2.150,5209
2020-07-14T12:50:00-04:00,2.160,2.180,2.190,2.140,2930
2020-07-14T12:55:00-04:00,2.190,2.120,2.190,2.120,3769
2020-07-14T13:00:00-04:00,2.120,2.085,2.120,2.070,2100
2020-07-14T13:05:00-04:00,2.140,2.080,2.140,2.080,3329
2020-07-14T13:10:00-04:00,2.060,2.060,2.070,2.050,2892
2020-07-14T13:15:00-04:00,2.070,2.130,2.150,2.060,4100
2020-07-14T13:20:00-04:00,2.115,2.090,2.115,2.090,300
2020-07-14T13:25:00-04:00,2.110,2.165,2.170,2.110,3513
2020-07-14T13:30:00-04:00,2.190,2.125,2.190,2.125,2200
2020-07-14T13:35:00-04:00,2.165,2.155,2.165,2.140,1400
2020-07-14T13:40:00-04:00,2.140,2.080,2.140,2.060,4102
2020-07-14T13:45:00-04:00,2.070,2.075,2.075,2.050,2661
2020-07-14T13:50:00-04:00,2.070,2.070,2.070,2.020,11639
2020-07-14T13:55:00-04:00,2.040,2.070,2.070,2.040,1525
2020-07-14T14:00:00-04:00,2.065,2.075,2.075,2.065,1175
2020-07-14T14:05:00-04:00,2.080,2.095,2.120,2.070,2700
2020-07-14T14:10:00-04:00,2.090,2.070,2.100,2.050,7146
2020-07-14T14:15:00-04:00,2.065,2.075,2.075,2.065,600
2020-07-14T14:20:00-04:00,2.115,2.120,2.140,2.090,1160
2020-07-14T14:25:00-04:00,2.090,2.090,2.090,2.090,100
2020-07-14T14:35:00-04:00,2.050,2.100,2.100,2.050,401
2020-07-14T14:40:00-04:00,2.070,2.050,2.070,2.050,1200
2020-07-14T14:45:00-04:00,2.055,2.030,2.055,2.030,2289
2020-07-14T14:50:00-04:00,1.960,1.940,2.000,1.880,6920
2020-07-14T14:55:00-04:00,1.930,1.950,1.965,1.930,7796
2020-07-14T15:00:00-04:00,1.945,1.930,1.960,1.925,1300
2020-07-14T15:05:00-04:00,1.940,1.915,1.940,1.905,1000
2020-07-14T15:10:00-04:00,1.890,1.890,1.890,1.860,800
2020-07-14T15:15:00-04:00,1.920,1.950,1.960,1.920,7912
2020-07-14T15:20:00-04:00,1.960,1.930,1.960,1.930,1034
2020-07-14T15:25:00-04:00,1.890,1.890,1.915,1.890,300
2020-07-14T15:35:00-04:00,1.860,1.920,1.920,1.860,10538
2020-07-14T15:40:00-04:00,1.915,1.900,1.915,1.900,900
2020-07-14T15:45:00-04:00,1.920,1.930,1.930,1.920,2700
2020-07-14T15:50:00-04:00,1.910,1.910,1.940,1.910,2289
2020-07-14T15:55:00-04:00,1.920,1.930,1.940,1.910,12142
2020-07-14T17:00:00-04:00,2.160,2.160,2.160,2.160,200
2020-07-15T09:30:00-04:00,2.000,1.910,2.000,1.870,2495
2020-07-15T09:35:00-04:00,1.930,1.910,1.930,1.910,350
2020-07-15T09:40:00-04:00,1.880,1.730,1.880,1.730,4900
2020-07-15T09:45:00-04:00,1.725,1.800,1.800,1.725,1800
2020-07-15T09:50:00-04:00,1.760,1.715,1.760,1.715,892
2020-07-15T09:55:00-04:00,1.690,1.740,1.740,1.690,1613
2020-07-15T10:00:00-04:00,1.740,1.700,1.740,1.700,300
2020-07-15T10:05:00-04:00,1.740,1.820,1.825,1.740,4870
2020-07-15T10:10:00-04:00,1.800,1.830,1.840,1.780,3850
2020-07-15T10:15:00-04:00,1.840,1.825,1.855,1.825,7919
2020-07-15T10:20:00-04:00,1.855,1.800,1.855,1.800,651
2020-07-15T10:25:00-04:00,1.745,1.745,1.745,1.745,600
2020-07-15T10:30:00-04:00,1.770,1.775,1.780,1.770,570
2020-07-15T10:35:00-04:00,1.705,1.740,1.740,1.705,600
2020-07-15T10:40:00-04:00,1.755,1.760,1.775,1.755,700
2020-07-15T10:45:00-04:00,1.765,1.765,1.800,1.760,850
2020-07-15T10:50:00-04:00,1.755,1.750,1.755,1.750,500
2020-07-15T10:55:00-04:00,1.755,1.765,1.765,1.750,2400
2020-07-15T11:00:00-04:00,1.840,2.070,2.110,1.840,75053
2020-07-15T11:05:00-04:00,2.075,2.170,2.170,1.980,33466
2020-07-15T11:10:00-04:00,2.160,2.250,2.250,2.110,19476
2020-07-15T11:15:00-04:00,2.210,2.120,2.230,2.080,16374
2020-07-15T11:20:00-04:00,2.120,2.190,2.200,2.120,3072
2020-07-15T11:25:00-04:00,2.160,2.355,2.355,2.150,11464
2020-07-15T11:30:00-04:00,2.310,2.395,2.560,2.310,13934
2020-07-15T11:35:00-04:00,2.400,2.270,2.400,2.270,14414
2020-07-15T11:40:00-04:00,2.300,2.310,2.365,2.280,3431
2020-07-15T11:45:00-04:00,2.290,2.310,2.345,2.280,4364
2020-07-15T11:50:00-04:00,2.320,2.380,2.425,2.320,5546
2020-07-15T11:55:00-04:00,2.370,2.250,2.370,2.245,4500
2020-07-15T12:00:00-04:00,2.330,2.280,2.360,2.280,1600
2020-07-15T12:05:00-04:00,2.300,2.305,2.310,2.300,600
2020-07-15T12:10:00-04:00,2.285,2.190,2.285,2.190,3219
2020-07-15T12:15:00-04:00,2.265,2.265,2.265,2.265,200
2020-07-15T12:20:00-04:00,2.260,2.250,2.260,2.250,706
2020-07-15T12:25:00-04:00,2.220,2.245,2.245,2.220,800
2020-07-15T12:30:00-04:00,2.245,2.300,2.300,2.245,2426
2020-07-15T12:35:00-04:00,2.295,2.300,2.375,2.295,6190
2020-07-15T12:40:00-04:00,2.340,2.415,2.420,2.330,7126
2020-07-15T12:45:00-04:00,2.400,2.440,2.450,2.400,1898
2020-07-15T12:50:00-04:00,2.450,2.380,2.450,2.370,5352
2020-07-15T12:55:00-04:00,2.375,2.370,2.375,2.335,2580
2020-07-15T13:00:00-04:00,2.410,2.420,2.420,2.410,300
2020-07-15T13:05:00-04:00,2.440,2.475,2.550,2.440,15843
2020-07-15T13:10:00-04:00,2.520,2.545,2.545,2.470,3483
2020-07-15T13:15:00-04:00,2.545,2.580,2.615,2.510,5928
2020-07-15T13:20:00-04:00,2.460,2.480,2.515,2.450,7475
2020-07-15T13:25:00-04:00,2.515,2.590,2.640,2.510,17291
2020-07-15T13:30:00-04:00,2.600,2.540,2.650,2.530,8668
2020-07-15T13:35:00-04:00,2.560,2.440,2.560,2.410,21084
2020-07-15T13:40:00-04:00,2.460,2.465,2.520,2.450,8853
2020-07-15T13:45:00-04:00,2.465,2.470,2.510,2.460,2050
2020-07-15T13:50:00-04:00,2.470,2.530,2.530,2.470,2799
2020-07-15T13:55:00-04:00,2.495,2.450,2.500,2.440,6207
2020-07-15T14:00:00-04:00,2.445,2.415,2.460,2.400,5623
2020-07-15T14:05:00-04:00,2.410,2.365,2.410,2.365,6347
2020-07-15T14:10:00-04:00,2.320,2.340,2.390,2.320,9316
2020-07-15T14:15:00-04:00,2.350,2.305,2.370,2.280,3433
2020-07-15T14:20:00-04:00,2.320,2.215,2.320,2.210,3821
2020-07-15T14:25:00-04:00,2.210,2.230,2.240,2.200,4535
2020-07-15T14:30:00-04:00,2.250,2.320,2.320,2.240,4893
2020-07-15T14:35:00-04:00,2.300,2.230,2.300,2.220,1900
2020-07-15T14:40:00-04:00,2.230,2.345,2.370,2.230,8674
2020-07-15T14:45:00-04:00,2.340,2.350,2.365,2.320,1675
2020-07-15T14:50:00-04:00,2.360,2.330,2.360,2.330,1298
2020-07-15T14:55:00-04:00,2.320,2.330,2.330,2.300,950
2020-07-15T15:00:00-04:00,2.430,2.430,2.440,2.400,3940
2020-07-15T15:05:00-04:00,2.440,2.465,2.465,2.380,5091
2020-07-15T15:10:00-04:00,2.460,2.365,2.475,2.365,6396
2020-07-15T15:15:00-04:00,2.365,2.410,2.420,2.365,4477
2020-07-15T15:20:00-04:00,2.430,2.370,2.440,2.370,2000
2020-07-15T15:25:00-04:00,2.360,2.380,2.380,2.330,7798
2020-07-15T15:30:00-04:00,2.320,2.340,2.340,2.310,6996
2020-07-15T15:35:00-04:00,2.380,2.360,2.395,2.360,2215
2020-07-15T15:40:00-04:00,2.375,2.360,2.380,2.360,4729
2020-07-15T15:45:00-04:00,2.370,2.380,2.380,2.330,6662
2020-07-15T15:50:00-04:00,2.360,2.400,2.410,2.360,14565
2020-07-15T15:55:00-04:00,2.400,2.370,2.410,2.340,22624
2020-07-15T16:20:00-04:00,2.730,2.590,2.730,2.590,890
2020-07-15T16:25:00-04:00,2.630,2.850,2.850,2.630,1600
2020-07-15T16:30:00-04:00,2.820,2.770,2.820,2.770,772
2020-07-15T16:35:00-04:00,2.670,2.690,2.700,2.650,1390
2020-07-15T16:40:00-04:00,2.760,2.740,2.760,2.730,400
2020-07-15T16:45:00-04:00,2.750,2.800,2.800,2.750,200
2020-07-15T16:50:00-04:00,2.840,2.870,2.870,2.820,890
2020-07-15T16:55:00-04:00,2.870,2.920,2.930,2.850,3437
2020-07-15T17:00:00-04:00,2.800,2.800,2.800,2.800,100
2020-07-15T17:05:00-04:00,2.750,2.850,2.850,2.750,700
2020-07-15T17:10:00-04:00,2.800,2.810,2.810,2.770,600
2020-07-16T07:45:00-04:00,3.370,3.370,3.370,3.370,997
2020-07-16T08:10:00-04:00,3.340,3.340,3.340,3.340,100
2020-07-16T08:25:00-04:00,3.490,3.470,3.510,3.470,1600
2020-07-16T08:30:00-04:00,3.490,3.490,3.490,3.490,200
2020-07-16T08:50:00-04:00,3.360,3.400,3.400,3.360,2098
2020-07-16T08:55:00-04:00,3.400,3.400,3.400,3.400,200
2020-07-16T09:00:00-04:00,3.230,3.230,3.230,3.230,100
2020-07-16T09:10:00-04:00,3.330,3.330,3.330,3.330,400
2020-07-16T09:20:00-04:00,3.350,3.370,3.370,3.350,2052
2020-07-16T09:25:00-04:00,3.370,3.330,3.370,3.330,2093
2020-07-16T09:30:00-04:00,3.340,3.350,3.380,3.070,36904
2020-07-16T09:35:00-04:00,3.390,3.710,3.825,3.385,75231
2020-07-16T09:40:00-04:00,3.760,3.670,3.880,3.630,62849
2020-07-16T09:45:00-04:00,3.610,3.690,3.750,3.530,35357
2020-07-16T09:50:00-04:00,3.700,3.685,3.820,3.655,44891
2020-07-16T09:55:00-04:00,3.720,4.060,4.090,3.720,62332
2020-07-16T10:00:00-04:00,4.070,4.290,4.395,4.070,83205
2020-07-16T10:05:00-04:00,4.265,4.550,4.630,4.250,140143
2020-07-16T10:10:00-04:00,4.560,4.230,4.630,4.120,131027
2020-07-16T10:15:00-04:00,4.210,4.070,4.370,4.040,46084
2020-07-16T10:20:00-04:00,4.070,3.890,4.130,3.830,52413
2020-07-16T10:25:00-04:00,3.900,3.995,4.055,3.810,59781
2020-07-16T10:30:00-04:00,3.995,4.050,4.190,3.970,94769
2020-07-16T10:35:00-04:00,4.045,3.740,4.070,3.640,64457
2020-07-16T10:40:00-04:00,3.730,3.835,3.845,3.730,46480
2020-07-16T10:45:00-04:00,3.815,3.855,3.980,3.785,57053
2020-07-16T10:50:00-04:00,3.845,3.730,3.890,3.710,24439
2020-07-16T10:55:00-04:00,3.790,3.760,3.850,3.715,16457
2020-07-16T11:00:00-04:00,3.760,3.580,3.800,3.565,23644
2020-07-16T11:05:00-04:00,3.580,3.600,3.650,3.570,6303
2020-07-16T11:10:00-04:00,3.680,3.660,3.690,3.660,900
2020-07-16T11:15:00-04:00,3.680,3.670,3.690,3.670,993
2020-07-16T11:20:00-04:00,3.800,3.850,3.850,3.800,680
2020-07-16T11:25:00-04:00,4.080,4.030,4.120,4.010,6264
2020-07-16T11:30:00-04:00,3.970,4.005,4.030,3.970,5318
2020-07-16T11:35:00-04:00,3.880,3.875,3.880,3.865,4000
2020-07-16T11:40:00-04:00,3.900,3.950,3.970,3.900,2200
2020-07-16T11:45:00-04:00,3.825,3.830,3.830,3.790,4438
2020-07-16T11:50:00-04:00,4.095,4.045,4.130,4.045,4798
2020-07-16T11:55:00-04:00,4.010,3.855,4.010,3.845,2885
2020-07-16T12:00:00-04:00,3.875,3.835,3.875,3.835,3710
2020-07-16T12:05:00-04:00,3.830,3.720,3.830,3.720,3058
2020-07-16T12:10:00-04:00,3.755,3.755,3.760,3.755,5701
2020-07-16T12:15:00-04:00,3.780,3.785,3.785,3.780,500
2020-07-16T12:20:00-04:00,3.800,3.750,3.800,3.750,450
2020-07-16T12:25:00-04:00,3.725,3.725,3.725,3.725,4790
2020-07-16T12:30:00-04:00,3.770,3.735,3.770,3.735,1427
2020-07-16T12:35:00-04:00,3.630,3.650,3.650,3.630,1711
2020-07-16T12:40:00-04:00,3.700,3.680,3.700,3.680,2004
2020-07-16T12:45:00-04:00,3.700,3.710,3.710,3.700,573
2020-07-16T12:50:00-04:00,3.700,3.705,3.705,3.700,511
2020-07-16T12:55:00-04:00,3.625,3.505,3.625,3.500,8528
2020-07-16T13:00:00-04:00,3.420,3.460,3.470,3.400,2100
2020-07-16T13:05:00-04:00,3.520,3.475,3.520,3.475,6073
2020-07-16T13:10:00-04:00,3.510,3.510,3.510,3.510,300
2020-07-16T13:15:00-04:00,3.435,3.390,3.450,3.390,1895
2020-07-16T13:20:00-04:00,3.415,3.430,3.430,3.415,3190
2020-07-16T13:25:00-04:00,3.415,3.335,3.420,3.335,2185
2020-07-16T13:30:00-04:00,3.330,3.300,3.330,3.290,1400
2020-07-16T13:35:00-04:00,3.245,3.255,3.255,3.245,720
2020-07-16T13:40:00-04:00,3.400,3.410,3.440,3.400,2000
2020-07-16T13:45:00-04:00,3.420,3.400,3.420,3.400,900
2020-07-16T13:50:00-04:00,3.460,3.460,3.460,3.460,202
2020-07-16T13:55:00-04:00,3.480,3.420,3.480,3.420,1500
2020-07-16T14:00:00-04:00,3.340,3.400,3.400,3.340,7280
2020-07-16T14:20:00-04:00,3.380,3.470,3.470,3.380,3300
